Nz = 1000.000000
Nt = 303254.000000
Ne = 256.000000
ZetaEx = 47.361171
TauEnd = 68158505612.777275
Delta = 0.300000
I0 = 0.000695
R0 = 2.077000
Rb = 0.827000
g = 1.200000
ukv = 100.000000
dz = 0.047409
dt = 0.002248
tol = 1e-09
