Nz = 1201
Nt = 40001
Ne = 256
ZetaEx = 3.000000
TauEnd = 1.000000
Delta = 0.300000
I0 = 35.000000
R0 = 2.077000
Rb = 0.827000
g = 1.200000
ukv = 100.000000
dz = 0.002500
dt = 0.000025
tol = 1e-08
INTT = 20
INTZ = 20
