Nz1 = 151
Nz2 = 151
Nt = 7001
Ne = 128
Lz = 15.000000
Lzi = 15.000000
Tend = 700.000000
ZetaEx = 15.000000
TauEnd = 700.000000
Delta = 0.600000
I0 = 0.010000
Ic = 0.010000
R0 = 2.077000
Rb = 0.827000
g = 1.200000
ukv = 100.000000
dz = 0.100000
dt = 0.100000
tol = 1e-09
INTT = 10
INTZ = 10
a0 = 0.100000
