Nz1 = 2001
Nz2 = 2001
Nt = 40001
Ne = 128
Lz = 5.000000
Lzi = 5.000000
ZetaEx = 5.000000
TauEnd = 1.000000
Delta = 0.300000
I0 = 0.000000
Ic = 0.000000
R0 = 2.077000
Rb = 0.827000
g = 1.200000
ukv = 100.000000
dz = 0.002500
dt = 0.000025
tol = 1e-08
INTT = 10
INTZ = 1
a0 = 1.000000
