Nz1 = 1000
Nz2 = 1000
Nt = 75814
Ne = 128
Lz = 5.264000
Lzi = 5.264000
Tend = 5.000000
ZetaEx = 47.361171
TauEnd = 170.396264
Delta = 0.300000
I0 = 35.000000
Ic = 0.001937
R0 = 2.077000
Rb = 0.827000
g = 1.200000
ukv = 100.000000
dz = 0.047409
dt = 0.002248
tol = 1e-08
INTT = 500
INTZ = 10
a0 = 0.010000
