Nz1 = 1000
Nz2 = 1000
Nt = 1516269
Ne = 128
Lz = 5.264000
Lzi = 5.264000
ZetaEx = 47.361171
TauEnd = 3407.925281
Delta = 0.400000
I0 = 35.000000
Ic = 0.001937
R0 = 2.077000
Rb = 0.827000
g = 1.200000
ukv = 100.000000
dz = 0.047409
dt = 0.002248
tol = 1e-08
INTT = 20
INTZ = 20
