Nz = 1000
Nt = 22247
Ne = 256
ZetaEx = 47.361171
TauEnd = 1703962640319.431885
Delta = 0.300000
I0 = 35.000000
R0 = 2.077000
Rb = 0.827000
g = 1.200000
ukv = 100.000000
dz = 0.047409
dt = 0.002248
tol = 1e-08
