Nz1 = 1000
Nz2 = 596
Nt = 15163
Ne = 128
Lz = 5.264000
Lzi = 3.140000
Tend = 1.000000
ZetaEx = 47.361171
TauEnd = 34.079253
Delta = 0.400000
I0 = 50.000000
Ic = 0.002767
R0 = 2.077000
Rb = 0.827000
g = 1.200000
ukv = 100.000000
dz = 0.047409
dt = 0.002248
tol = 1e-08
INTT = 500
INTZ = 10
a0 = 1.000000
